,Positive,Negative
0,,China's Hubei province confirms 15 more deaths due to coronavirus @CNBChttps://www.cnbc.com/2020/01/24/chinas-hubei-province-confirms-15-more-deaths-due-to-coronavirus.html?__source=iosappshare%7Ccom.apple.UIKit.activity.PostToTwitter …
