,Positive,Negative
0,Shippo 👀,
