asian women doing this when a whole ass Ethan Nguyen exists lmaooooo mental coronavirus
