It’s probably not the coronavirus but I hope you feel better soon!
